floorPlan:
- - 52.430448850487586
  - 12.905032932758333
- - 52.43054043320055
  - 12.904228270053865
- - 52.430699067092334
  - 12.904737889766695
groundArea: 659.68
id: userID
location:
  latitude: 52.43059
  longitude: 12.90338
nStorys: 2
perimeter: 128.89
thZones:
  livingSpace:
    floorArea: 200
    gainsInt: 2
    heated: true
    nInf: 0
    nVent: 1
    opaquePlanes:
      facade:
        adjTZ: ambient
        area: 190
        uValue: 0.25
      floor:
        adjTZ: ground
        area: 100
        uValue: 0.2
      roof:
        adjTZ: ambient
        area: 100
        uValue: 0.2
    storyHeight: 2.5
    tempIn: 20
    transPlanes:
      windowA:
        area: 2.5
        azimuth: 0
        gValue: 0.5
        tilt: 90
        uValue: 2
      windowB:
        area: 2.5
        azimuth: 90
        gValue: 0.5
        tilt: 90
        uValue: 2
      windowC:
        area: 2.5
        azimuth: 180
        gValue: 0.5
        tilt: 90
        uValue: 2
      windowD:
        area: 2.5
        azimuth: 270
        gValue: 0.5
        tilt: 90
        uValue: 2
    volume: 500
weatherFile: default_weather.json
